1, -0.004364, -0.119027, -0.031899
2, 0.132921, 0.000469, 0.079029
3, -0.008533, 0.060529, 0.015243
4, 0.014781, -0.077723, -0.102399
5, 0.017730, -0.139132, -0.078240
6, 0.007682, -0.002710, 0.065001
7, -0.002538, 0.042167, 0.115856
8, 0.026305, 0.110166, 0.043710
9, -0.091042, 0.067601, -0.055375
10, -0.056336, 0.077251, 0.041297
11, -0.129880, -0.105420, -0.038484
12, -0.145747, -0.016344, 0.014258
13, -0.009783, 0.025700, -0.067060
14, 0.099055, -0.075922, -0.136703
15, 0.040769, -0.099854, -0.128883
16, 0.097466, 0.084926, -0.009595
17, 0.084837, -0.007177, 0.038243
18, 0.127109, -0.132190, -0.089329
19, -0.010462, 0.052534, 0.044255
20, -0.060474, 0.142700, -0.024642
21, -0.082224, 0.117106, 0.082628
22, 0.109048, -0.031249, -0.003192
23, -0.078459, -0.143302, 0.043411
24, -0.024536, 0.020293, 0.104226
25, -0.050521, -0.132631, -0.074417
26, -0.061699, -0.084737, 0.052843
27, -0.079476, -0.140441, 0.006357
28, -0.018063, 0.142138, 0.054747
29, -0.067285, 0.098004, 0.117081
30, -0.045941, 0.039647, 0.008126
31, -0.010578, 0.068187, 0.095919
32, -0.078899, 0.126522, -0.010480
33, -0.000427, 0.113729, -0.118877
34, -0.135571, 0.024110, 0.025808
35, -0.106895, 0.045079, 0.111293
36, 0.128672, -0.088974, 0.004604
37, -0.035376, 0.029979, 0.092425
38, 0.073547, 0.115242, 0.118701
39, -0.074706, -0.057374, -0.005931
40, -0.056174, -0.031555, 0.026940
41, 0.046955, -0.080876, 0.122539
42, 0.059160, -0.120348, 0.089864
43, -0.146134, 0.051364, 0.080947
44, -0.100092, -0.092988, 0.077116
45, -0.079851, -0.104110, -0.104824
46, 0.055728, 0.031244, -0.048833
47, -0.037612, 0.099155, -0.082056
48, -0.098525, -0.083951, 0.130054
49, -0.126518, -0.018926, -0.007678
50, 0.122118, -0.145194, -0.091024
51, 0.006408, 0.068143, -0.131898
52, 0.102107, -0.117816, -0.112083
53, -0.090100, -0.055537, -0.053748
54, -0.114857, 0.099711, -0.056087
55, -0.007639, -0.043168, 0.047650
56, -0.088044, 0.121518, -0.012544
57, 0.060919, -0.067320, 0.075675
58, 0.138054, 0.088124, 0.126770
59, -0.109477, -0.139789, -0.048608
60, -0.128545, -0.006486, 0.068310
61, 0.061353, -0.121627, -0.140413
62, 0.100676, -0.118220, -0.112555
63, 0.044447, -0.077813, 0.004225
64, -0.104909, 0.011722, -0.105024
65, -0.143374, -0.136363, -0.073386
66, -0.073356, 0.081920, 0.051110
67, -0.080419, -0.125352, 0.093039
68, 0.079586, 0.109750, 0.077689
69, -0.011170, 0.113874, 0.053019
70, 0.027665, -0.015898, 0.071999
71, 0.066935, -0.086860, -0.072351
72, -0.102828, 0.145980, 0.099934
73, 0.022568, 0.121010, 0.085741
74, -0.111577, 0.003352, 0.084151
75, 0.134522, -0.120097, 0.123582
76, -0.023374, 0.075099, -0.001682
77, -0.111113, 0.057908, -0.036691
78, -0.033113, 0.080228, -0.057022
79, -0.135845, -0.087913, -0.078067
80, -0.082168, -0.111151, -0.046879
81, -0.109638, 0.072610, 0.024527
82, 0.130275, -0.038403, 0.030989
83, -0.116031, -0.016372, 0.038050
84, -0.121133, 0.036540, 0.005622
85, 0.097704, 0.067413, 0.058144
86, -0.137658, 0.095678, 0.071665
87, 0.115462, -0.129950, -0.038760
88, -0.040933, 0.146914, -0.012437
89, -0.113055, 0.065455, 0.119849
90, 0.034781, -0.004405, 0.084307
91, 0.073867, -0.091095, 0.076313
92, 0.012253, -0.029986, 0.034194
93, 0.062579, 0.008445, 0.023076
94, 0.143198, 0.036865, 0.089128
95, 0.075238, 0.073555, -0.146792
96, 0.136730, 0.069077, 0.066988
97, -0.033366, -0.135107, -0.129160
98, 0.037846, 0.035722, 0.064240
99, -0.062255, -0.069928, 0.032539
100, -0.083801, -0.071299, -0.069518
101, -0.049728, 0.064722, 0.033189
102, 0.081125, -0.032654, -0.142229
103, 0.142339, -0.149346, 0.069170
104, -0.072593, -0.124376, 0.028585
105, -0.076536, -0.018310, 0.008842
106, 0.008502, 0.100688, 0.006450
107, -0.059261, 0.085569, -0.050243
108, -0.087411, -0.108014, 0.141977
109, -0.082680, 0.018415, 0.011267
110, 0.008027, 0.046849, 0.035135
111, 0.097143, -0.096294, 0.090240
112, -0.100740, 0.066546, -0.148389
113, -0.067832, -0.047991, -0.077213
114, 0.014322, -0.009689, -0.146377
115, -0.019434, -0.010093, 0.061801
116, 0.034508, 0.039397, -0.031127
117, -0.065314, 0.040022, -0.110354
118, 0.020370, -0.057048, -0.036488
119, -0.059497, -0.101857, 0.015118
120, 0.127582, -0.010775, -0.080204
121, -0.043294, -0.117729, -0.144668
122, -0.076658, 0.029902, 0.050738
123, 0.089836, -0.141649, -0.148067
124, -0.075688, 0.127234, -0.106854
125, -0.035302, -0.044622, 0.115743
126, -0.008300, -0.106275, 0.027600
127, 0.068782, -0.074350, -0.029749
128, -0.031296, -0.044198, -0.017550
129, -0.104168, -0.115187, 0.090103
130, -0.009423, 0.110794, 0.116768
131, 0.113601, -0.049159, -0.137132
132, -0.019046, 0.114304, 0.030765
133, -0.124961, -0.014461, -0.003026
134, 0.135797, -0.074208, 0.115901
135, -0.108224, -0.069482, 0.065373
136, 0.148940, 0.000776, 0.130101
137, 0.130001, -0.112306, -0.071604
138, -0.041739, 0.146062, 0.138727
139, -0.072903, 0.062841, 0.087461
140, 0.101276, -0.105048, 0.144323
141, 0.106428, -0.098833, 0.144077
142, -0.127379, 0.040073, -0.037322
143, -0.032509, 0.011375, 0.095141
144, 0.066915, -0.025354, 0.065614
145, -0.130116, 0.011689, -0.015218
146, -0.018157, 0.130230, -0.121785
147, -0.091419, -0.116475, -0.142895
148, -0.133977, -0.039210, 0.008809
149, 0.001275, -0.091056, -0.077832
150, 0.034475, -0.070092, -0.052365
151, -0.106814, -0.077520, 0.055074
152, 0.013222, -0.132082, -0.004993
153, 0.023709, 0.112708, -0.131009
154, 0.130983, -0.016365, -0.011699
155, 0.022665, 0.066896, -0.119042
156, -0.113166, 0.129431, 0.111912
157, -0.053969, 0.043262, 0.126598
158, 0.038581, -0.030879, 0.040416
159, 0.027706, -0.070320, -0.135595
160, -0.001518, -0.039651, 0.119425
161, 0.107722, -0.035226, -0.139513
162, -0.086997, 0.042361, -0.074771
163, 0.149034, 0.063283, -0.147449
164, -0.045428, -0.064192, 0.136643
165, 0.031621, -0.110780, 0.065656
166, 0.019922, 0.003407, -0.013804
167, 0.110033, 0.075516, -0.074609
168, -0.026892, 0.104641, -0.113062
169, -0.025776, 0.069698, -0.080110
170, 0.004443, -0.092855, 0.009546
171, 0.042057, -0.079265, -0.047102
172, -0.095013, -0.055910, -0.101239
173, -0.127526, -0.039215, -0.134598
174, -0.021045, -0.093511, -0.085346
175, 0.022914, -0.059346, -0.062043
176, -0.128276, -0.051476, 0.113131
177, -0.031497, 0.064130, 0.133091
178, -0.086824, -0.073501, -0.109179
179, 0.118439, 0.134352, 0.041924
180, 0.097030, 0.067577, -0.025017
181, 0.044249, -0.103439, -0.054642
182, 0.105553, 0.122659, 0.028631
183, 0.134919, 0.084541, -0.041430
184, -0.045171, 0.007757, -0.014400
185, 0.112315, 0.143952, -0.114761
186, -0.074364, -0.095793, 0.044356
187, 0.087594, -0.055063, 0.065938
188, -0.149684, 0.094240, 0.013099
189, 0.017544, -0.103990, 0.082742
190, -0.079390, -0.119190, -0.049833
191, -0.049022, 0.084008, 0.132514
192, 0.071641, 0.131783, -0.025669
193, 0.135963, 0.140357, 0.139198
194, -0.085317, -0.052233, -0.049187
195, -0.100960, -0.146215, -0.125069
196, -0.013596, -0.002811, 0.050507
197, 0.056854, 0.136441, 0.092670
198, -0.012117, -0.003316, -0.002077
199, 0.088430, -0.120646, 0.135671
200, -0.019746, -0.033766, -0.098089
201, 0.040969, 0.024147, -0.039985
202, 0.124983, -0.122577, 0.086049
203, -0.130115, 0.099260, 0.072181
204, 0.070061, 0.065668, 0.044749
205, 0.058894, -0.022336, -0.147018
206, -0.026048, -0.117517, 0.075863
207, 0.091956, 0.020098, -0.047591
208, 0.027152, -0.061919, -0.063001
209, 0.017685, -0.112858, -0.001283
210, 0.099378, 0.021552, 0.042140
211, 0.051389, -0.104873, -0.145723
212, -0.110745, -0.066028, -0.003759
213, 0.125775, 0.093824, 0.033294
214, -0.026688, -0.126866, 0.096322
215, 0.024635, 0.081947, -0.086969
216, 0.027804, 0.044239, -0.063837
217, 0.021683, 0.008714, -0.146877
218, 0.100176, -0.040819, -0.118233
219, -0.077273, -0.113111, 0.024347
220, -0.143920, 0.106953, -0.034363
221, 0.010953, 0.111424, 0.105843
222, 0.100794, 0.032653, 0.143222
223, 0.040825, 0.142550, 0.012637
224, 0.038503, -0.036534, 0.104161
225, 0.018348, -0.008042, -0.018728
226, 0.057803, -0.091635, 0.080336
227, 0.068042, -0.015826, -0.094893
228, 0.130788, -0.003443, -0.112552
229, 0.025605, -0.130588, -0.058831
230, 0.091604, -0.020019, 0.133206
231, 0.135670, 0.060556, -0.128008
232, -0.125171, -0.073908, -0.043161
233, -0.133325, -0.034434, -0.006752
234, 0.118885, -0.018124, 0.057815
235, -0.142003, -0.123521, 0.086622
236, 0.094367, -0.095890, 0.126894
237, 0.103184, -0.046515, 0.108680
238, 0.040374, 0.134004, 0.117541
239, 0.126587, -0.028008, 0.052184
240, 0.079088, 0.017237, 0.135430
241, -0.112550, -0.074189, 0.012104
242, 0.072635, -0.095064, -0.048142
243, -0.034552, -0.090736, 0.139349
244, -0.058660, -0.117272, 0.121733
245, -0.018922, 0.051313, 0.057066
246, -0.061928, 0.038300, -0.079273
247, 0.023041, 0.076004, -0.115428
248, 0.060764, -0.141455, -0.021472
249, 0.032338, 0.049749, -0.110555
250, -0.083609, -0.053306, -0.101411
251, 0.039348, -0.081520, -0.056655
252, 0.142524, -0.142947, -0.054914
253, 0.086512, -0.140510, -0.113221
254, -0.039282, -0.030097, 0.094479
255, 0.111603, -0.051179, 0.106695
256, 0.085794, 0.127721, 0.062300
257, 0.017548, -0.103532, 0.022520
258, -0.082730, 0.025055, 0.031607
259, -0.067322, -0.145910, 0.130057
260, 0.056487, 0.017088, 0.009828
261, -0.106893, 0.027863, 0.056415
262, -0.005935, -0.112103, 0.043053
263, 0.023802, -0.060385, 0.001599
264, 0.095293, -0.051215, -0.149891
265, 0.113411, 0.106405, -0.047539
266, -0.050148, -0.033338, 0.139273
267, -0.128604, 0.131811, 0.016455
268, -0.001356, -0.048047, 0.124246
269, 0.028800, 0.066314, 0.088950
270, 0.097733, -0.144981, -0.003453
271, -0.004128, 0.118122, 0.033158
272, -0.081467, 0.093840, -0.117974
273, -0.058506, 0.024523, 0.147336
274, -0.035358, 0.042625, -0.057642
275, 0.113355, -0.145299, -0.085176
276, -0.016385, 0.092727, -0.001659
277, -0.111022, -0.038009, -0.006868
278, 0.137086, -0.135077, 0.065087
279, -0.130774, -0.097468, -0.009103
280, 0.038719, -0.108488, 0.062437
281, 0.061636, 0.070155, 0.066618
282, 0.017841, 0.140964, -0.105475
283, 0.092397, 0.123796, -0.114335
284, 0.056916, -0.116888, -0.005537
285, 0.092786, 0.109541, 0.096199
286, 0.033952, -0.135641, 0.127392
287, -0.053203, -0.080809, -0.149782
288, -0.101932, 0.007017, 0.001694
289, -0.095428, -0.074922, 0.085564
290, -0.031515, -0.141546, 0.061396
291, 0.102826, -0.125903, -0.050845
292, -0.083371, -0.109718, 0.057882
293, -0.028421, -0.078952, -0.036977
294, -0.078599, -0.081100, -0.097180
295, 0.085202, -0.074232, -0.055423
296, -0.011860, -0.076731, 0.102452
297, 0.069580, -0.144328, -0.087701
298, -0.018366, -0.016364, 0.010390
299, -0.094682, 0.025563, 0.054081
300, 0.075596, 0.002911, -0.061696
301, -0.084702, -0.061271, 0.022571
302, 0.030580, -0.034852, -0.070177
303, 0.131852, -0.024546, -0.110908
304, -0.075029, 0.011006, -0.070276
305, -0.064110, -0.134590, -0.123471
306, -0.082555, -0.025890, -0.021123
307, -0.068533, -0.058778, -0.146798
308, -0.050370, 0.143472, 0.037524
309, -0.132290, -0.078714, 0.101768
310, -0.019146, 0.035370, -0.103403
311, 0.130080, -0.125511, 0.125084
312, 0.128640, 0.046520, -0.145737
313, 0.043724, -0.024905, 0.009569
314, 0.054710, 0.012246, -0.041989
315, 0.040901, 0.023250, -0.126964
316, -0.060188, -0.082249, 0.100305
317, 0.023087, -0.095259, -0.102413
318, -0.065544, -0.030840, -0.047391
319, 0.139959, -0.098647, -0.077885
320, 0.027840, 0.055056, 0.014794
321, -0.112763, -0.030839, 0.025566
322, 0.034579, 0.114451, 0.090716
323, -0.096870, 0.133221, 0.040995
324, 0.134876, -0.106604, -0.050233
325, -0.132974, -0.046107, -0.132219
326, 0.128158, -0.004368, 0.137645
327, -0.140045, 0.084014, 0.132377
328, 0.147960, 0.144602, 0.032371
329, -0.132600, 0.099153, 0.009405
330, -0.076008, -0.122993, 0.128164
331, 0.134764, -0.104911, -0.031249
332, 0.045347, -0.009182, 0.143021
333, -0.106479, -0.011653, 0.102145
334, 0.066221, 0.004857, -0.130109
335, 0.127749, 0.115115, -0.057749
336, -0.099812, 0.069276, -0.126489
337, 0.067612, -0.075633, -0.039319
338, 0.134026, -0.083861, 0.115093
339, 0.038733, 0.012892, -0.145697
340, -0.012019, 0.144599, -0.099215
341, -0.104679, 0.119031, -0.034369
342, 0.085914, 0.003100, -0.142567
343, -0.046394, -0.020951, -0.027805
344, -0.086778, -0.045182, -0.080205
345, -0.053626, -0.096933, 0.041513
346, -0.144298, -0.001389, -0.077490
347, 0.036255, -0.114791, -0.112963
348, 0.018119, 0.121435, -0.124318
349, 0.060573, -0.120235, 0.067824
350, 0.068675, -0.053023, 0.004554
351, 0.097628, -0.028635, -0.036104
352, -0.134930, -0.148893, 0.098152
353, 0.100082, -0.046208, -0.134484
354, 0.035075, -0.048458, 0.000688
355, 0.029427, 0.016493, -0.121067
356, -0.059241, 0.021421, 0.072378
357, 0.065693, -0.145674, 0.047402
358, -0.088791, -0.012019, 0.147717
359, 0.044595, 0.129310, -0.115076
360, 0.031988, 0.118377, -0.011450
361, 0.010580, -0.083309, -0.100862
362, 0.033071, 0.082544, -0.007457
363, -0.116926, -0.116227, 0.062060
364, -0.018149, 0.033614, 0.121055
365, -0.105012, -0.148084, 0.121355
366, 0.054003, -0.120393, 0.102805
367, -0.051341, 0.102099, 0.053907
368, -0.064439, 0.002138, 0.139550
369, -0.083856, -0.033606, -0.149546
370, -0.125801, 0.137733, -0.046889
371, -0.033695, 0.138720, -0.039026
372, 0.087520, 0.005973, 0.058818
373, 0.071911, 0.143561, 0.075818
374, 0.131234, -0.032539, -0.038829
375, -0.042578, 0.092909, -0.149602
376, -0.055427, 0.054297, -0.028249
377, 0.087326, 0.134724, 0.034964
378, 0.137931, 0.146950, -0.137691
379, 0.121503, 0.061802, 0.008304
380, 0.036938, -0.035467, -0.086931
381, -0.092201, -0.001790, 0.097757
382, -0.051398, 0.047193, 0.107631
383, -0.059094, -0.075705, -0.017805
384, 0.120835, 0.093074, 0.086888
385, -0.053625, 0.012547, 0.073905
386, -0.080258, 0.123404, 0.015789
387, -0.007566, -0.026747, 0.016154
388, -0.144552, 0.017493, 0.028105
389, 0.106997, -0.019123, -0.104936
390, -0.061016, -0.022078, -0.123955
391, 0.125887, -0.023058, -0.066842
392, 0.105900, -0.071189, 0.105651
393, 0.129954, 0.108388, 0.145564
394, -0.055107, 0.132658, -0.013560
395, 0.118695, -0.143554, -0.114564
396, 0.020093, 0.043108, 0.135617
397, 0.117872, -0.050131, 0.110669
398, -0.050485, -0.088499, -0.013287
399, -0.077221, 0.087850, 0.148808
400, 0.105213, 0.127744, -0.067516
401, -0.082189, -0.137171, -0.115858
402, -0.071264, -0.050592, 0.077481
403, -0.093619, 0.083495, -0.106134
404, -0.053161, 0.067850, -0.049395
405, 0.102739, 0.125014, 0.024823
406, 0.001120, -0.048400, 0.034004
407, -0.104208, 0.093690, 0.086522
408, -0.125477, 0.013280, -0.117175
409, 0.097420, 0.127849, -0.051500
410, -0.095111, -0.034622, 0.146402
411, -0.037782, 0.119237, -0.066358
412, 0.126037, -0.102843, 0.081574
413, 0.093206, 0.120173, -0.086271
414, -0.018398, 0.002739, -0.100268
415, -0.145812, -0.139465, 0.002481
416, -0.111919, 0.012278, -0.041615
417, -0.042480, 0.107423, 0.114575
418, 0.081490, 0.050376, 0.040058
419, -0.042908, 0.003314, 0.104692
420, 0.016371, 0.055302, 0.061553
421, -0.099693, -0.092952, 0.132617
422, -0.095558, 0.132744, 0.115998
423, 0.097345, 0.117123, -0.147147
424, -0.137747, 0.136235, -0.023967
425, -0.121237, -0.116711, -0.076064
426, 0.034071, -0.077240, 0.143294
427, -0.012044, -0.039221, 0.085384
428, 0.048512, -0.149445, 0.082662
429, 0.033633, -0.141463, -0.072720
430, 0.065070, -0.013329, 0.000676
431, 0.009173, -0.063437, 0.098519
432, 0.031799, -0.096228, -0.054951
433, -0.077834, 0.046933, 0.016651
434, -0.066921, 0.048118, 0.001872
435, -0.135020, -0.042926, 0.074196
436, 0.111771, 0.070621, -0.016151
437, 0.039040, -0.110759, 0.068634
438, -0.060980, 0.049000, -0.017183
439, -0.011892, -0.037258, -0.020224
440, 0.073895, 0.116481, -0.124737
441, 0.076990, -0.039823, 0.055539
442, 0.092847, -0.062746, 0.011314
443, 0.094149, 0.073444, -0.049575
444, -0.140096, 0.031287, -0.064329
445, 0.055967, -0.020414, -0.066806
446, 0.018676, -0.133455, 0.040151
447, 0.087135, 0.021027, -0.031859
448, 0.002865, 0.064612, 0.009956
449, 0.065576, 0.128494, -0.062795
450, 0.144382, -0.021843, -0.096422
451, -0.111288, 0.048139, -0.042182
452, -0.047016, 0.146236, -0.095288
453, -0.084933, -0.141704, 0.067285
454, 0.098053, 0.042382, 0.077787
455, -0.068006, 0.003508, -0.125780
456, -0.025334, -0.129713, 0.066386
457, -0.000540, 0.009393, -0.007444
458, 0.020635, -0.143136, -0.138249
459, -0.014730, -0.012578, 0.077846
460, 0.066953, -0.027830, -0.141509
461, -0.005331, 0.106629, -0.006435
462, -0.023170, -0.127567, -0.057242
463, -0.133082, -0.112061, -0.068100
464, -0.136595, -0.111713, -0.087745
465, 0.118514, -0.038464, 0.012394
466, -0.133295, 0.122608, 0.075860
467, -0.058627, 0.002270, -0.053076
468, -0.004000, -0.107258, -0.050642
469, -0.127519, 0.064389, -0.080888
470, 0.138293, -0.002429, -0.110882
471, 0.099779, 0.136396, -0.017394
472, -0.144387, 0.145627, 0.065386
473, 0.129200, 0.005573, -0.053727
474, 0.122287, 0.142306, 0.042539
475, -0.006587, 0.043093, 0.107347
476, -0.108291, -0.134595, -0.098754
477, -0.023996, 0.043889, -0.079092
478, 0.130690, -0.120899, 0.135260
479, 0.003410, 0.025404, -0.068893
480, 0.134583, -0.057271, -0.107775
481, -0.131171, -0.038204, -0.022446
482, -0.023484, 0.057212, -0.067343
483, 0.008701, -0.117326, -0.101028
484, -0.007645, 0.050192, -0.031412
485, -0.041503, 0.123236, 0.007564
486, 0.045228, -0.068831, 0.010327
487, -0.083820, 0.127562, 0.144245
488, -0.098677, 0.036580, -0.149057
489, 0.105072, -0.076101, -0.062146
490, -0.123614, -0.042891, -0.014853
491, 0.094764, 0.035614, -0.049899
492, 0.129463, -0.129963, -0.121377
493, 0.147420, -0.116059, 0.091672
494, 0.116751, 0.141817, 0.123835
495, 0.022740, -0.106426, -0.133998
496, -0.138618, 0.099361, 0.030015
497, 0.060081, -0.091354, 0.110654
498, 0.024081, -0.063455, -0.118021
499, 0.005836, -0.087282, 0.100889
500, 0.133730, 0.097586, 0.108204
501, 0.045326, -0.040259, 0.059117
502, -0.095897, 0.005761, -0.113510
503, -0.064390, -0.147479, -0.028641
504, 0.088023, 0.043573, 0.090968
505, -0.131440, 0.043388, -0.136311
506, 0.042735, 0.039362, -0.089761
507, 0.080604, 0.000217, 0.019730
508, -0.101300, 0.053924, 0.012812
509, -0.095003, 0.080578, 0.035968
510, 0.060357, -0.139120, 0.059640
511, -0.082846, -0.035048, 0.110416
512, -0.097512, -0.072858, 0.036226
513, -0.101891, 0.002640, -0.017586
514, -0.068442, -0.085674, 0.005952
515, 0.090446, 0.128746, 0.038466
516, 0.142394, 0.134465, -0.119312
517, -0.025202, 0.135465, 0.114189
518, 0.001809, 0.076353, -0.002412
519, 0.104323, -0.006189, -0.119790
520, -0.100728, 0.046170, -0.006075
521, 0.071108, 0.080074, 0.115156
522, 0.119989, -0.051659, -0.134893
523, -0.018176, 0.041396, -0.099287
524, 0.125756, 0.074218, -0.043047
525, 0.013861, -0.143554, -0.078529
526, 0.132081, 0.121793, 0.131821
527, -0.062063, -0.052286, -0.128283
528, 0.101121, 0.020390, -0.110884
529, 0.069129, 0.061357, -0.074252
530, -0.100168, 0.008061, -0.021434
531, -0.128286, -0.073599, 0.059937
532, -0.025456, 0.076890, 0.030048
533, 0.044814, -0.031127, -0.145841
534, 0.118969, 0.057009, -0.063891
535, -0.030693, -0.135459, 0.068070
536, 0.025938, 0.069311, -0.114176
537, -0.003534, -0.012793, -0.063968
538, 0.015085, -0.054153, -0.134632
539, -0.074102, -0.138837, -0.117033
540, -0.139567, 0.108790, 0.043894
541, 0.109410, -0.126800, -0.006052
542, -0.043435, 0.000253, 0.066280
543, 0.023226, 0.050160, 0.100030
544, 0.146309, -0.011683, -0.110323
545, -0.139614, -0.003234, 0.099856
546, -0.003388, -0.016133, 0.029460
547, 0.128257, 0.105707, -0.048947
548, 0.028845, -0.029792, 0.108101
549, -0.138398, -0.139150, 0.093008
550, 0.070202, 0.074824, -0.141101
551, 0.012335, -0.016849, 0.141591
552, -0.113948, 0.031680, 0.069604
553, 0.097130, -0.051370, -0.071697
554, -0.075097, 0.004514, -0.033092
555, 0.091497, -0.086868, 0.131617
556, 0.007678, -0.074232, 0.027561
557, -0.096499, -0.077295, -0.108579
558, 0.034785, 0.041181, 0.104695
559, 0.083351, 0.066024, -0.002199
560, -0.031167, 0.091290, 0.059924
561, -0.048228, -0.082277, 0.041685
562, -0.021127, -0.111196, 0.055767
563, 0.016367, -0.128566, -0.015306
564, 0.126998, 0.027671, -0.088178
565, 0.046919, -0.122328, -0.120842
566, -0.059397, 0.107301, 0.081936
567, 0.051668, -0.045121, 0.095239
568, 0.028015, -0.095569, 0.128092
569, -0.000861, -0.043330, -0.113245
570, 0.071944, 0.057742, -0.095282
571, -0.106918, 0.030868, 0.143456
572, 0.060685, -0.059724, -0.087769
573, -0.128130, 0.030150, -0.089824
574, -0.035116, 0.080210, 0.100878
575, 0.008982, 0.047745, -0.065278
576, 0.146331, -0.143476, 0.097997
577, 0.009267, -0.129948, -0.094434
578, -0.112376, -0.048651, 0.122706
579, -0.141249, 0.057439, -0.051932
580, 0.055908, -0.137711, 0.084401
581, 0.013061, -0.044183, 0.024903
582, 0.090173, -0.097169, 0.078673
583, 0.028650, -0.073892, 0.000957
584, -0.066167, -0.045722, 0.013089
585, -0.058737, 0.136970, -0.026490
586, 0.039318, -0.114173, 0.037660
587, -0.113557, 0.105615, -0.010698
588, -0.120592, 0.040182, 0.026120
589, -0.122222, 0.002279, 0.116886
590, 0.126593, -0.096069, 0.019482
591, 0.073715, -0.059773, 0.052434
592, 0.123695, 0.097819, 0.092659
593, 0.112643, 0.129044, -0.000372
594, 0.016566, 0.090964, -0.016976
595, -0.036490, 0.020886, 0.072820
596, -0.014163, -0.107195, 0.118615
597, -0.087421, 0.136756, 0.142333
598, -0.044212, 0.022670, 0.037310
599, 0.107076, -0.042613, -0.055991
600, 0.015017, 0.149607, -0.121373
601, -0.126511, -0.119670, -0.030821
602, -0.144789, 0.008851, 0.061418
603, 0.015920, -0.143345, -0.062622
604, -0.098387, -0.131947, -0.139871
605, 0.102321, -0.084897, -0.086893
606, 0.028467, -0.013331, 0.037899
607, -0.078944, 0.062927, -0.065931
608, -0.072931, -0.105797, 0.111845
609, -0.085561, -0.145275, -0.098505
610, 0.114160, -0.033397, 0.048223
611, -0.072289, 0.133260, -0.030290
612, 0.024621, -0.018157, -0.012984
613, -0.121973, 0.064429, 0.084638
614, 0.024337, 0.070851, -0.001014
615, -0.131172, -0.094169, -0.132370
616, 0.042383, 0.115075, -0.060127
617, -0.049282, 0.133012, -0.029267
618, -0.075471, 0.044257, 0.139542
619, 0.040467, -0.043628, -0.027969
620, -0.066856, 0.131625, 0.072494
621, -0.025899, 0.125634, -0.006085
622, -0.063279, 0.124480, 0.005455
623, 0.143366, 0.025752, 0.149616
624, -0.065459, 0.135655, -0.062371
625, 0.097101, -0.029752, 0.021507
626, 0.082438, 0.142521, -0.030779
627, 0.093473, 0.043217, -0.128908
628, -0.042948, -0.145445, -0.093205
629, 0.004521, 0.019802, 0.114849
630, 0.146416, -0.146048, -0.058649
631, 0.057145, 0.015560, 0.042113
632, -0.064876, 0.012456, -0.034870
633, 0.114048, 0.085917, 0.058571
634, -0.000267, 0.102355, 0.148548
635, -0.070988, -0.136447, -0.092312
636, -0.047364, -0.091516, 0.039548
637, -0.076147, -0.059445, -0.039087
638, -0.035270, -0.066317, -0.015045
639, 0.036276, -0.098257, 0.085238
640, 0.056312, -0.006070, 0.077087
641, -0.083251, 0.071995, -0.102746
642, 0.135000, -0.131054, 0.055302
643, 0.116623, 0.094752, -0.020364
644, -0.052358, 0.000789, -0.044411
645, -0.054133, 0.015282, 0.034635
646, -0.014805, 0.133258, -0.147715
647, -0.149319, -0.016107, -0.090832
648, 0.087734, 0.013545, -0.010807
649, 0.076623, 0.126078, 0.011259
650, 0.116975, -0.104808, -0.110130
651, -0.074449, -0.087230, -0.091363
652, 0.054270, 0.092726, 0.002767
653, 0.015354, -0.090417, -0.149755
654, -0.055376, -0.075248, -0.000570
655, -0.090067, 0.112259, 0.106436
656, -0.087748, -0.121541, -0.131906
657, -0.129187, -0.009488, 0.084227
658, 0.019867, -0.011464, -0.012040
659, -0.136877, -0.063258, 0.030260
660, 0.139438, 0.106425, 0.059193
661, -0.037048, 0.080045, -0.032924
662, 0.079660, -0.007033, 0.022186
663, -0.063639, -0.113911, -0.001707
664, -0.021990, 0.089569, -0.009290
665, -0.146702, 0.086806, -0.045349
666, -0.112369, -0.042145, 0.028933
667, 0.043008, 0.055210, -0.068650
668, -0.139496, 0.013468, -0.022315
669, -0.087721, 0.031344, 0.030737
670, -0.066178, -0.130500, -0.115967
671, -0.125214, 0.094426, -0.007939
672, -0.128332, 0.122697, 0.141705
673, 0.120200, 0.042522, -0.049999
674, 0.023005, -0.081503, 0.018127
675, 0.058882, -0.101026, -0.073587
676, 0.016652, -0.000077, 0.093544
677, -0.030398, -0.075037, -0.142377
678, -0.147225, 0.003627, -0.122734
679, 0.132217, 0.009741, 0.046127
680, -0.018594, -0.096288, -0.059483
681, 0.069069, 0.120991, 0.089442
682, 0.087702, -0.149696, -0.010795
683, -0.023292, -0.142842, -0.029208
684, -0.134986, -0.084168, 0.146463
685, 0.072856, 0.074321, 0.078914
686, 0.105879, 0.013157, 0.103749
687, -0.127886, -0.024493, -0.119376
688, -0.030861, 0.083580, -0.049480
689, 0.096759, 0.113961, 0.009832
690, -0.019590, -0.146794, 0.007760
691, 0.070175, 0.082646, -0.043043
692, -0.045752, 0.136460, -0.010894
693, 0.046419, 0.092242, 0.088078
694, -0.142506, 0.036819, 0.089217
695, -0.065214, 0.048132, -0.065210
696, 0.127009, -0.103639, 0.145676
697, -0.082610, -0.116415, -0.121285
698, -0.083940, -0.036977, 0.108946
699, -0.099743, 0.045207, -0.039762
700, -0.019537, 0.071936, -0.072291
701, -0.073123, 0.021801, -0.100073
702, 0.022794, 0.039870, -0.042733
703, 0.031664, 0.018176, 0.035429
704, 0.105563, -0.117559, -0.124441
705, -0.122057, -0.102876, -0.147757
706, 0.008461, -0.033825, 0.052846
707, -0.109271, 0.035693, -0.029847
708, 0.078174, 0.059755, -0.144081
709, -0.133899, 0.132463, 0.077974
710, 0.082128, -0.078334, 0.146747
711, -0.079004, -0.047708, -0.016908
712, 0.013384, -0.037750, 0.061043
713, 0.140106, 0.114353, -0.131795
714, 0.065155, 0.143768, 0.083817
715, 0.118178, -0.042970, 0.110205
716, 0.118049, -0.130741, 0.100013
717, -0.083788, 0.086068, -0.133796
718, 0.065752, 0.090875, 0.007313
719, 0.149243, 0.010628, -0.100798
720, -0.115052, -0.108490, 0.112224
721, -0.142713, -0.079853, 0.005506
722, 0.060223, 0.077309, 0.059174
723, 0.103921, -0.015915, -0.148143
724, -0.075055, -0.131606, 0.132840
725, -0.142447, -0.005267, 0.113934
726, 0.073743, 0.028188, 0.025717
727, 0.114286, -0.147465, -0.135700
728, 0.033501, -0.062407, -0.106359
729, -0.081966, 0.011976, -0.000212
730, 0.050309, -0.029327, 0.116861
731, -0.001667, 0.130390, -0.010497
732, 0.018392, 0.046617, 0.125958
733, 0.081767, -0.091533, 0.145116
734, -0.010653, -0.008499, -0.119975
735, 0.009721, -0.120426, 0.030530
736, -0.048745, -0.097071, 0.083574
737, 0.045485, -0.044429, -0.014433
738, -0.134326, -0.010842, 0.038549
739, 0.032111, -0.131991, -0.092782
740, 0.086492, -0.118993, -0.115463
741, -0.135621, 0.125726, 0.146627
742, 0.112837, -0.111739, -0.066741
743, 0.049211, -0.090727, 0.122264
744, -0.016613, -0.093952, -0.100189
745, -0.044166, 0.132445, 0.117628
746, 0.093677, 0.028292, -0.010533
747, 0.017344, 0.045419, 0.132528
748, 0.134818, 0.043714, 0.055578
749, 0.111274, -0.067024, -0.014766
750, -0.032627, 0.018642, 0.024009
751, -0.012385, -0.060912, -0.059173
752, -0.060398, -0.109478, 0.086986
753, 0.110315, -0.037850, 0.112550
754, 0.108518, 0.039128, 0.086970
755, -0.068703, 0.109902, 0.096019
756, 0.085274, -0.094369, 0.045857
757, 0.098530, 0.006899, 0.142246
758, -0.044192, 0.131227, 0.032794
759, -0.119004, 0.027991, -0.086768
760, -0.067118, -0.048227, 0.146503
761, 0.054221, 0.048198, -0.102071
762, -0.090173, -0.143247, -0.066086
763, 0.035025, -0.142199, 0.001679
764, -0.113024, -0.020559, -0.109227
765, 0.089735, -0.146476, 0.059267
766, 0.051978, 0.047766, -0.033905
767, -0.137058, -0.100114, -0.087807
768, 0.009679, 0.119567, -0.007285
769, -0.023129, 0.134626, -0.013193
770, 0.012128, 0.066447, 0.140868
771, 0.079005, 0.148302, -0.006784
772, -0.120610, 0.120915, -0.040014
773, 0.012925, -0.142252, 0.018940
774, -0.096076, -0.081497, -0.016372
775, -0.068451, -0.083502, 0.101673
776, -0.116617, -0.056470, -0.054186
777, -0.087070, -0.102407, 0.148046
778, 0.103765, -0.089340, -0.021430
779, 0.015305, -0.082582, -0.002301
780, -0.008583, 0.137243, 0.035362
781, -0.099929, 0.059314, 0.142506
782, -0.074215, 0.047115, 0.132161
783, 0.094916, -0.039700, 0.136983
784, 0.101321, -0.035260, -0.140484
785, 0.144116, -0.135431, 0.025945
786, -0.001277, -0.036840, -0.097922
787, -0.030835, 0.095012, -0.119989
788, -0.141378, -0.016568, -0.081490
789, -0.139088, 0.034615, -0.079478
790, 0.025216, -0.021403, 0.023856
791, 0.012875, -0.048536, -0.107526
792, 0.102738, 0.085606, 0.102675
793, 0.114825, 0.142108, -0.014548
794, 0.121844, -0.000440, -0.027295
795, -0.102570, 0.130377, 0.084151
796, -0.114222, 0.033261, 0.024008
797, 0.094990, 0.033789, 0.125107
798, -0.020414, -0.089692, -0.049333
799, 0.009750, -0.021838, -0.080057
800, -0.069871, -0.066975, -0.001630
801, 0.003115, 0.047415, -0.144913
802, -0.066223, -0.106733, 0.050602
803, -0.078853, -0.114658, -0.065420
804, -0.018058, -0.061113, -0.054036
805, -0.127334, -0.029601, 0.090430
806, -0.070789, 0.044906, 0.101237
807, 0.072709, 0.130627, -0.028261
808, -0.097793, -0.117486, 0.010793
809, 0.106274, 0.025620, -0.037043
810, 0.050829, -0.095035, -0.132660
811, 0.055186, -0.090553, -0.090701
812, 0.125868, -0.050168, 0.030238
813, 0.040535, -0.004826, 0.040187
814, -0.005628, 0.030782, 0.112967
815, -0.027323, 0.108112, 0.143125
816, 0.045955, 0.116509, -0.024673
817, -0.108026, -0.104944, 0.033453
818, -0.008458, 0.065806, -0.097303
819, -0.006925, -0.003178, 0.052349
820, 0.005119, -0.142644, 0.112630
821, -0.133584, 0.093098, 0.091699
822, 0.129419, -0.061464, 0.042626
823, -0.092625, -0.093053, -0.129840
824, 0.111506, -0.145962, -0.017125
825, 0.005415, -0.041715, 0.066409
826, 0.065364, 0.018098, -0.118783
827, 0.139435, 0.049472, 0.044431
828, -0.079023, 0.125734, 0.080020
829, 0.136320, -0.043310, -0.134058
830, 0.025161, 0.073660, -0.095989
831, 0.071378, -0.141651, -0.062364
832, 0.100310, -0.089584, 0.017049
833, -0.030765, -0.041601, -0.052195
834, -0.144455, -0.147510, -0.060404
835, -0.055000, 0.015838, -0.125145
836, 0.117302, -0.131998, 0.119214
837, 0.105926, 0.006651, 0.071784
838, -0.038299, -0.040988, -0.117188
839, -0.040147, -0.024117, -0.057652
840, -0.094235, -0.138829, 0.055831
841, -0.030761, 0.009264, -0.126865
842, -0.109475, 0.127224, 0.081148
843, 0.047552, 0.009275, -0.051631
844, 0.100742, 0.078533, 0.139361
845, 0.066165, 0.058966, 0.069760
846, 0.087993, 0.027531, 0.104723
847, -0.090222, -0.053010, 0.101185
848, -0.050753, -0.029860, 0.011125
849, -0.109566, 0.031976, 0.101706
850, -0.060847, 0.056138, 0.119895
851, -0.021296, -0.141829, -0.025997
852, 0.046257, -0.123912, 0.104210
853, 0.067183, -0.146482, 0.000754
854, 0.006711, -0.099807, -0.101604
855, 0.093821, -0.135661, -0.060145
856, 0.107850, 0.089589, 0.100060
857, -0.011259, -0.013112, 0.044642
858, -0.136765, -0.098967, -0.098845
859, 0.065812, 0.118066, 0.070988
860, 0.022483, -0.077359, 0.148370
861, -0.060275, 0.060249, 0.026492
862, 0.115746, 0.127482, 0.082333
863, -0.095497, -0.118109, 0.003098
864, -0.037208, -0.039768, -0.039930
865, 0.138750, 0.143033, 0.060229
866, 0.090453, 0.073467, -0.108035
867, -0.062392, 0.054124, -0.140440
868, 0.097339, 0.032481, 0.147613
869, -0.124395, -0.022338, -0.100906
870, -0.009011, 0.073520, -0.095567
871, 0.146539, -0.048511, -0.049456
872, -0.116726, 0.003578, -0.002509
873, 0.090081, 0.014372, 0.012923
874, 0.123219, -0.109225, -0.042303
875, -0.009051, 0.141100, 0.137596
876, 0.135590, -0.112760, 0.048397
877, -0.003967, 0.014098, -0.129556
878, -0.133484, 0.125892, -0.085915
879, -0.077890, -0.001780, 0.006241
880, 0.124865, 0.119615, 0.098606
881, -0.144676, 0.054231, 0.006672
882, 0.080166, 0.113428, 0.083105
883, 0.032259, -0.103388, 0.069200
884, -0.041099, -0.020704, -0.044814
885, -0.010514, 0.068682, -0.066207
886, 0.143908, 0.147253, -0.051422
887, -0.054522, 0.069284, 0.035720
888, -0.073634, 0.127017, 0.141754
889, -0.000479, -0.113251, 0.066794
890, 0.053086, -0.101773, -0.029520
891, 0.131803, -0.083566, -0.059715
892, -0.007734, 0.039356, -0.064672
893, -0.036737, 0.074002, -0.099604
894, 0.124377, -0.125622, 0.129756
895, 0.052975, 0.013985, 0.083238
896, 0.110378, 0.107689, 0.124374
897, 0.114932, -0.138481, -0.102923
898, 0.006731, 0.005802, -0.081899
899, 0.026937, -0.118729, -0.040863
900, -0.049759, -0.108600, -0.075153
901, 0.092311, -0.037356, 0.082659
902, 0.070291, 0.085128, 0.021065
903, 0.061507, 0.127426, -0.148982
904, 0.128286, -0.047962, 0.111170
905, 0.053794, 0.129310, 0.095808
906, 0.013836, -0.140041, 0.053752
907, 0.115168, -0.118746, 0.111867
908, -0.048939, -0.109622, 0.142840
909, -0.086349, 0.017818, 0.118899
910, 0.077698, -0.091654, -0.066408
911, -0.027237, -0.092769, -0.080210
912, 0.115932, -0.147579, -0.005790
913, -0.002316, -0.038214, 0.131221
914, 0.094494, -0.117017, 0.075859
915, 0.055680, 0.130762, 0.114270
916, 0.102251, 0.032817, 0.098479
917, -0.061082, 0.011759, 0.138366
918, 0.025610, -0.033643, -0.005095
919, 0.060094, 0.046768, 0.002027
920, -0.077833, -0.026464, 0.080060
921, -0.082378, 0.065011, -0.111829
922, -0.023631, -0.058923, -0.041996
923, 0.048282, -0.117862, 0.127255
924, 0.113578, -0.136139, 0.037243
925, -0.105243, -0.098776, 0.004207
926, 0.084671, -0.097028, -0.076419
927, -0.110318, -0.074155, -0.090692
928, 0.086333, -0.068310, -0.049626
929, 0.140600, -0.092559, -0.032473
930, 0.018730, -0.048022, 0.085677
931, 0.102033, 0.065792, -0.023939
932, -0.004561, 0.140116, -0.148024
933, 0.122054, 0.011670, -0.109791
934, 0.005394, 0.144889, -0.093154
935, 0.079236, -0.004453, 0.073353
936, -0.148939, 0.098967, -0.008005
937, -0.015820, 0.132583, -0.039075
938, -0.024803, 0.121718, 0.110437
939, 0.120391, 0.118311, -0.031956
940, 0.038035, 0.121166, 0.008068
941, -0.009149, -0.097393, 0.023184
942, -0.068276, 0.137182, 0.136059
943, 0.101188, -0.109444, 0.123229
944, -0.118906, -0.018917, -0.081447
945, 0.015898, 0.078000, 0.147683
946, -0.078614, -0.140802, 0.080515
947, -0.067397, -0.013791, -0.079227
948, 0.036292, 0.095990, 0.146165
949, 0.128404, -0.147003, 0.035849
950, 0.025284, 0.125754, 0.113549
951, -0.071599, 0.051781, 0.057453
952, -0.005335, 0.123012, 0.149377
953, -0.142469, 0.087130, 0.095658
954, -0.033303, -0.090988, -0.146089
955, -0.007884, -0.084481, 0.090751
956, -0.095985, 0.144874, -0.011986
957, -0.071969, 0.007803, 0.095214
958, -0.027429, -0.104437, 0.092978
959, 0.034102, 0.004773, 0.148006
960, -0.111072, 0.122956, 0.026235
961, 0.138643, 0.086022, 0.001753
962, -0.052978, 0.131806, 0.106686
963, -0.023781, -0.130209, 0.107020
964, 0.101720, -0.097489, 0.100358
965, 0.004744, -0.096363, 0.127648
966, 0.032015, -0.039619, 0.125730
967, 0.146028, 0.047736, 0.099155
968, -0.110081, -0.011622, -0.147661
969, -0.098889, -0.074498, -0.038728
970, -0.038127, -0.031027, 0.012549
971, -0.131533, -0.006473, -0.074546
972, -0.011703, -0.073513, 0.060141
973, 0.093420, 0.034407, -0.086684
974, -0.107065, -0.119346, -0.012485
975, -0.044444, 0.146729, 0.144419
976, 0.005613, -0.064100, -0.021292
977, 0.055637, 0.133006, 0.045721
978, -0.075044, 0.109209, -0.114516
979, -0.061914, 0.094836, 0.056420
980, 0.093595, -0.106194, 0.112578
981, 0.063292, -0.060504, -0.059059
982, 0.116723, 0.104024, -0.068395
983, 0.040443, 0.033100, -0.019917
984, 0.088402, -0.043498, 0.081803
985, -0.104477, 0.033380, -0.120443
986, -0.111382, 0.033334, 0.047938
987, 0.021854, 0.113831, 0.149772
988, 0.114277, 0.068142, -0.110417
989, -0.043112, 0.078643, 0.017126
990, -0.048583, -0.009596, -0.029022
991, -0.023940, 0.098822, -0.149344
992, 0.077850, 0.124016, 0.021539
993, 0.112397, 0.027963, 0.072484
994, -0.003612, -0.068382, -0.042326
995, 0.094695, 0.021215, -0.142321
996, -0.133338, 0.059350, -0.115766
997, -0.012474, 0.118075, -0.079733
998, -0.149168, 0.008754, 0.127232
999, -0.081987, 0.082020, 0.046626
1000, -0.023461, 0.065638, 0.007332
